1929.26 1 
308.44 10.4
312.40 6.1
315.42 4.4
324.39 3.8
340.59 30.7
352.88 20.7
355.32 36.3
356.31 3.4
358.21 26.5
359.44 3.6
361.34 4.2
364.15 4.6
369.25 15.4
375.44 210.9
376.40 12.7
377.23 23.2
381.07 8.0
382.28 4.7
390.13 7.9
396.25 22.6
397.49 14.8
403.10 14.2
413.15 27.4
413.96 10.1
419.27 10.8
421.26 3.6
422.94 4.5
428.15 31.9
429.00 30.1
437.83 11.1
438.59 8.8
439.66 10.7
441.29 4.1
443.38 6.8
447.21 5.0
447.97 12.1
449.18 16.7
455.22 27.1
456.41 43.9
457.15 8.4
459.52 6.7
462.46 4.3
463.49 8.1
466.17 31.9
467.60 13.3
469.38 15.2
472.38 8.3
474.45 12.5
476.31 22.7
482.38 7.6
484.28 161.8
485.13 34.9
486.44 90.3
487.41 33.5
489.66 23.1
497.30 8.3
501.22 11.4
504.25 268.2
505.34 93.3
506.48 20.0
508.30 18.6
509.77 18.4
511.38 4.6
513.90 9.4
520.46 3.9
521.31 7.3
523.61 7.6
525.29 7.2
527.28 21.3
530.26 23.9
534.09 10.2
537.29 14.5
543.50 12.9
549.24 33.3
553.38 20.9
555.23 24.8
559.28 5.3
560.34 53.4
562.44 19.2
564.88 3.5
566.10 17.0
568.37 13.1
570.24 29.4
572.60 12.0
575.57 15.3
582.30 89.5
583.32 10.0
584.34 8.0
585.91 9.9
589.38 14.4
595.12 15.1
599.50 27.1
606.57 8.4
609.44 13.9
615.56 16.8
616.95 34.6
619.57 30.1
623.32 39.1
624.26 20.8
628.53 11.5
632.48 7.4
633.28 20.4
635.40 416.1
636.36 113.8
637.32 17.6
638.26 34.2
639.55 17.2
642.61 30.1
645.56 22.4
646.23 18.5
647.48 13.5
650.68 33.5
651.38 34.6
652.33 21.0
653.23 30.9
654.30 101.0
655.35 28.7
660.50 12.0
670.45 3.5
671.60 22.1
678.44 23.1
684.48 8.5
686.41 46.3
687.46 26.7
688.25 21.7
692.23 18.8
694.73 11.5
695.45 7.7
704.41 34.8
706.39 933.2
707.45 220.4
708.33 28.8
711.28 16.3
713.35 26.8
714.45 12.9
717.09 9.7
719.28 16.3
722.48 20.1
726.36 33.4
728.14 7.6
729.58 14.3
731.65 7.0
732.43 25.5
734.22 67.6
735.66 23.5
737.22 4.4
740.38 25.3
743.56 126.5
745.48 14.8
747.47 25.5
748.44 71.8
749.39 47.1
750.47 34.5
752.22 230.6
753.06 142.8
754.96 11.3
755.94 8.7
760.26 10.6
762.70 7.3
765.28 166.8
766.28 50.6
767.87 21.1
768.51 14.2
769.27 5.8
773.04 72.1
776.52 12.5
780.35 8.3
782.58 20.9
783.48 184.1
784.48 54.6
785.32 7.1
786.24 24.9
792.44 225.1
793.30 72.5
798.34 31.9
799.63 11.6
801.43 829.1
802.48 113.6
803.56 45.4
806.30 12.3
809.53 92.4
812.73 5.7
814.55 20.6
816.28 106.2
817.47 116.5
818.50 89.2
819.51 31.8
821.86 15.2
822.92 37.7
824.40 12.1
833.83 85.9
834.48 542.8
835.70 118.4
836.43 13.1
837.06 15.8
838.25 36.1
839.62 68.5
840.30 51.5
841.52 20.4
842.21 77.5
844.16 7.3
845.40 20.2
846.26 17.6
847.22 8.8
848.61 175.3
849.75 60.0
850.60 171.2
851.51 84.6
852.28 5.5
852.95 35.3
854.21 10.3
856.28 18.3
857.66 502.3
858.61 110.4
860.46 12.6
863.30 222.9
864.52 62.1
865.53 42.1
866.59 1153.3
867.45 250.3
868.07 27.0
869.19 4.3
871.39 5.4
875.18 45.8
875.93 38.7
878.51 79.8
879.59 57.0
880.34 43.7
881.30 542.7
882.28 198.0
883.37 91.2
884.57 5.5
885.58 8.3
886.98 28.4
888.48 35.5
891.91 28.4
894.61 28.8
895.59 6.6
897.35 117.8
898.14 125.5
898.81 35.7
899.73 51.6
900.72 46.0
901.55 191.2
902.74 24.7
906.59 1995.6
907.42 190.6
908.57 54.6
909.46 6.4
910.93 5.8
911.70 27.2
913.39 21.0
915.58 6834.5
916.49 605.9
917.72 97.7
918.75 27.0
919.60 15.4
921.22 47.4
922.48 20.9
925.27 30.5
925.90 24.1
926.70 20.6
927.34 39.8
928.36 24.1
929.55 27.0
931.34 105.4
932.29 58.9
933.41 89.1
935.33 36.9
942.55 14.6
943.67 23.9
945.29 72.1
946.47 191.5
947.28 153.9
949.41 1789.4
950.45 479.6
951.52 128.6
953.79 46.0
955.64 3.6
965.48 286.9
968.25 13.9
978.17 24.4
979.33 227.1
980.31 68.1
981.59 19.1
987.00 14.6
992.23 5.0
994.28 34.4
996.31 285.4
997.31 72.7
998.27 9.2
1000.74 2.4
1001.69 64.6
1004.68 12.2
1008.99 20.3
1009.71 11.1
1010.69 9.2
1013.39 15.0
1026.05 46.8
1026.69 114.4
1027.79 31.4
1028.55 5.7
1038.52 12.9
1043.52 12.5
1049.35 6.6
1050.52 6.3
1052.27 31.7
1060.38 69.2
1061.75 14.7
1064.89 9.6
1072.90 15.4
1076.23 32.7
1078.38 291.9
1079.48 123.1
1080.42 52.7
1086.56 5.1
1087.32 38.2
1088.24 12.6
1089.23 12.7
1090.26 15.0
1094.24 255.2
1095.14 77.5
1096.21 36.6
1097.45 76.0
1098.42 37.4
1099.16 8.3
1102.36 13.0
1106.40 53.0
1107.40 22.9
1108.41 6.2
1110.38 16.0
1112.34 10.9
1114.80 15.2
1121.44 8.0
1124.38 400.3
1125.40 222.9
1126.50 36.3
1129.36 18.4
1133.38 11.8
1137.07 4.4
1142.23 13.4
1154.40 10.2
1160.18 9.4
1161.12 16.0
1162.47 66.8
1163.31 27.5
1164.37 8.7
1170.23 22.5
1176.85 22.4
1177.81 34.1
1178.52 12.8
1179.61 149.8
1180.49 72.8
1181.98 9.9
1186.19 12.4
1187.30 4.1
1189.54 16.2
1190.32 18.3
1191.88 7.2
1193.54 12.4
1194.21 13.1
1195.46 241.2
1196.79 76.0
1197.79 25.2
1201.93 8.7
1204.28 52.5
1205.36 24.0
1206.59 25.7
1207.20 5.7
1207.98 16.4
1209.25 10.2
1210.51 45.4
1211.75 41.9
1213.20 64.8
1214.15 44.2
1215.14 5.2
1222.21 92.2
1223.30 119.4
1224.40 13.3
1226.41 18.3
1227.42 12.4
1228.48 20.2
1229.30 28.5
1230.48 43.9
1231.61 116.1
1232.37 34.0
1233.52 50.6
1244.67 6.2
1246.81 12.4
1248.64 34.3
1249.58 90.6
1250.39 8.3
1253.46 6.1
1257.63 28.9
1259.31 21.2
1269.49 7.4
1275.41 28.0
1276.43 7.9
1283.18 37.5
1287.64 14.3
1291.33 34.9
1293.06 78.3
1293.85 18.2
1294.86 15.1
1303.18 14.4
1304.27 17.2
1305.88 10.1
1308.30 128.8
1309.59 25.2
1324.29 4.2
1326.41 105.6
1327.34 131.1
1328.62 94.4
1329.26 16.1
1340.24 12.1
1342.18 12.3
1345.52 28.4
1346.53 539.8
1347.51 112.2
1348.68 31.7
1357.54 23.4
1359.24 31.4
1377.94 20.8
1378.71 17.2
1397.25 24.0
1406.40 40.5
1413.60 4.1
1419.30 6.6
1420.32 22.4
1424.35 101.7
1425.71 26.0
1437.50 98.7
1438.51 25.6
1439.12 6.5
1440.45 17.5
1446.46 5.4
1448.03 39.8
1454.58 12.6
1455.33 104.6
1456.56 220.1
1457.74 86.2
1458.78 54.1
1464.54 3.5
1469.00 15.2
1472.56 30.5
1475.60 36.5
1476.63 70.3
1496.86 8.7
1526.41 9.4
1527.59 42.5
1530.61 9.7
1535.36 17.6
1546.17 8.6
1549.53 21.0
1553.16 123.9
1554.22 76.5
1555.30 20.2
1567.64 12.8
1570.47 157.7
1571.42 114.0
1572.45 54.8
1585.46 55.8
1586.69 41.2
1587.46 21.9
1604.01 22.5
1604.66 5.3
1622.79 14.2
1625.18 23.8
1640.22 6.5
1643.20 13.7
1644.58 10.3
1650.73 13.3
1651.43 19.2
1652.44 8.6
1656.33 12.7
1665.41 16.1
1666.57 16.9
1667.97 220.4
1668.67 148.0
1669.31 234.2
1670.51 51.9
1683.44 250.1
1684.71 102.6
1685.97 12.4
1700.52 11.2
1702.34 6.9
1763.46 61.8
1764.48 42.5
1781.48 220.7
1782.46 46.3
1783.61 38.0
